MEME version 4

ALPHABET= ACGT

strands: + -

Background letter frequencies
A 0.25 C 0.25 G 0.25 T 0.25

MOTIF MA0529.1 BEAF-32
letter-probability matrix: alength= 4 w= 15 nsites= 3985 E= 0
 0.187202  0.218821  0.284065  0.309912
 0.240652  0.360602  0.212547  0.186198
 0.315182  0.212547  0.328482  0.143789
 0.469511  0.340778  0.189711  0.000000
 0.497365  0.086324  0.168381  0.247930
 0.551066  0.081305  0.254203  0.113425
 0.388206  0.461982  0.149812  0.000000
 0.186951  0.159348  0.000000  0.653701
 0.980678  0.000000  0.019322  0.000000
 0.000000  0.000000  0.000000  1.000000
 0.000000  1.000000  0.000000  0.000000
 0.019322  0.000000  0.980678  0.000000
 0.906650  0.000000  0.093350  0.000000
 0.107403  0.042660  0.000000  0.849937
 0.542535  0.000000  0.197742  0.259724
URL http://jaspar.genereg.net/matrix/MA0529.1

MOTIF MA0529.2 BEAF-32
letter-probability matrix: alength= 4 w= 12 nsites= 5502 E= 0
 0.322065  0.190476  0.282806  0.204653
 0.292984  0.331698  0.129226  0.246092
 0.097964  0.083606  0.017630  0.800800
 0.936205  0.009269  0.017448  0.037077
 0.017812  0.020356  0.014358  0.947474
 0.004726  0.985642  0.002363  0.007270
 0.007270  0.002363  0.985642  0.004726
 0.947474  0.014358  0.020356  0.017812
 0.037077  0.017448  0.009269  0.936205
 0.800800  0.017630  0.083606  0.097964
 0.246092  0.129226  0.331698  0.292984
 0.204653  0.282806  0.190476  0.322065
URL http://jaspar.genereg.net/matrix/MA0529.2

